1 0.7725 0.5395575553055868 0.77375 0.7341582302212224 0.7795 0.7525309336332958 0.80375 0.7540307461567304 0.81075 0.7375328083989501 0.8125 0.7214098237720284 0.8035 0.5433070866141733 0.7975 0.5294338207724034 0.7935 0.5253093363329584 0.78625 0.5260592425946756
1 0.68575 0.5039370078740157 0.68375 0.5091863517060368 0.6935 0.829021372328459 0.696 0.8451443569553806 0.70525 0.8590176227971503 0.7115 0.8642669666291714 0.71725 0.8653918260217472 0.72775 0.8560179977502812 0.73025 0.8515185601799775 0.744 0.7967754030746157 0.71875 0.5013123359580053 0.71725 0.4915635545556805 0.7135 0.4810648668916385 0.7085 0.47919010123734535 0.703 0.48031496062992124 0.69825 0.48368953880764903 0.689 0.49681289838770154
1 0.8175 0.07761529808773904 0.816 0.20359955005624297 0.8175 0.21034870641169853 0.8215 0.21334833145856769 0.82875 0.20697412823397077 0.8335 0.07799025121859768 0.8315 0.07049118860142482 0.82825 0.06524184476940383 0.8195 0.07086614173228346
1 0.84575 0.0772403449568804 0.84325 0.22009748781402325 0.84525 0.22872140982377204 0.84875 0.22947131608548932 0.85325 0.2249718785151856 0.85525 0.2204724409448819 0.8605 0.07949006374203224 0.8585 0.06411698537682789 0.856 0.06074240719910011 0.849 0.06411698537682789 0.846 0.07086614173228346
1 0.86775 0.06974128233970754 0.8675 0.22384701912260968 0.86975 0.2335958005249344 0.87325 0.23809523809523808 0.8835 0.2354705661792276 0.885 0.2283464566929134 0.8885 0.07011623547056618 0.88375 0.05399325084364454 0.88025 0.0509936257967754 0.86975 0.05549306336707911
1 0.89075 0.05211848518935133 0.88975 0.05699287589051369 0.88975 0.2320959880014998 0.89225 0.24109486314210724 0.89475 0.2440944881889764 0.9045 0.2407199100112486 0.90725 0.23772028496437944 0.91075 0.06074240719910011 0.90925 0.0536182977127859 0.9045 0.04461942257217848 0.8935 0.048368953880764905
1 0.923 0.07049118860142482 0.92125 0.24146981627296588 0.925 0.2557180352455943 0.92875 0.25984251968503935 0.9425 0.25196850393700787 0.94325 0.2452193475815523 0.948 0.0738657667791526 0.94725 0.06711661042369704 0.9425 0.0509936257967754 0.93925 0.048368953880764905 0.92525 0.05324334458192726
1 0.90625 0.5391826021747281 0.90525 0.655793025871766 0.915 0.6764154480689913 0.91825 0.6734158230221222 0.92225 0.6584176977877765 0.9285 0.5223097112860893 0.91825 0.4911886014248219 0.91475 0.4915635545556805
1 0.88175 0.5369328833895763 0.88525 0.6670416197975253 0.8885 0.6786651668541432 0.89225 0.6805399325084365 0.9025 0.6756655418072741 0.904 0.6685414323209599 0.90375 0.661042369703787 0.8945 0.5410573678290214 0.89325 0.5365579302587177 0.89075 0.5335583052118485 0.88325 0.5346831646044244
1 0.85725 0.5451818522684665 0.86 0.6779152605924259 0.86225 0.6891638545181852 0.86625 0.6951631046119235 0.87675 0.6895388076490439 0.8795 0.6782902137232846 0.8745 0.5403074615673041 0.86975 0.5283089613798275 0.85975 0.536182977127859
1 0.8085 0.5429321334833146 0.8095 0.7064116985376828 0.814 0.7165354330708661 0.82475 0.7214098237720284 0.8385 0.7109111361079865 0.84 0.7004124484439445 0.829 0.5433070866141733 0.821 0.5260592425946756 0.8105 0.5373078365204349
1 0.83475 0.553055868016498 0.83425 0.5748031496062992 0.84 0.6932883389576303 0.84325 0.7097862767154106 0.8475 0.7116610423697037 0.85925 0.7060367454068242 0.8615 0.6876640419947506 0.84975 0.5463067116610424 0.84875 0.5448068991376078
1 0.286 0.0029996250468691415 0.29075 0.2583427071616048 0.29425 0.31421072365954256 0.297 0.32020997375328086 0.31075 0.3164604424446944 0.312 0.31421072365954256 0.305 0 0.2865 0
1 0.293 0.33108361454818147 0.29775 0.6104236970378702 0.2995 0.6186726659167604 0.3025 0.6231721034870641 0.31275 0.6280464941882264 0.316 0.6280464941882264 0.32225 0.6235470566179228 0.32525 0.6160479940007499 0.326 0.6077990251218598 0.31075 0.3235845519310086 0.30975 0.32208473940757404 0.30575 0.32208473940757404 0.29675 0.3269591301087364
1 0.3205 0 0.3325 0.5995500562429696 0.34125 0.6194225721784777 0.347 0.6224221972253469 0.3525 0.6209223847019123 0.3565 0.6160479940007499 0.35925 0.6077990251218598 0.35975 0.5980502437195351 0.34025 0
1 0.378 0 0.3605 0 0.361 0.049868766404199474 0.369 0.5196850393700787 0.36975 0.5271841019872516 0.37225 0.5328083989501312 0.37875 0.5376827896512936 0.384 0.5380577427821522 0.38725 0.536182977127859 0.3905 0.5305586801649794 0.39175 0.5260592425946756 0.392 0.5166854143232096
1 0.40675 0 0.393 0 0.393 0.48218972628421447 0.397 0.4979377577802775 0.40075 0.5024371953505812 0.40425 0.5031871016122985 0.41025 0.5013123359580053 0.4125 0.4979377577802775 0.41475 0.49006374203224595
1 0.42425 0 0.42325 0.01724784401949756 0.42475 0.33820772403449567 0.4265 0.34533183352080987 0.4285 0.34833145856767905 0.4365 0.35095613048368957 0.44125 0.34833145856767905 0.443 0.33820772403449567 0.43425 0.01537307836520435 0.43325 0
1 0.78475 0.8815148106486689 0.788 0.9996250468691413 0.797 0.9996250468691413 0.795 0.8800149981252343 0.7915 0.8785151856017998 0.786 0.8796400449943758
1 0.836 0.8755155605549306 0.84125 0.9951256092988376 0.84175 0.9996250468691413 0.849 0.9996250468691413 0.8515 0.8732658417697787 0.84975 0.869891263592051 0.842 0.8702662167229096
1 0.809 0.8788901387326584 0.81425 0.984251968503937 0.8165 0.9996250468691413 0.82275 0.9996250468691413 0.823 0.876265466816648 0.82175 0.8736407949006374 0.81975 0.8732658417697787 0.81075 0.8755155605549306
1 0.85975 0.8713910761154856 0.86625 0.9936257967754031 0.86725 0.9996250468691413 0.8745 0.9996250468691413 0.87775 0.8728908886389202 0.8745 0.8691413573303337 0.87075 0.8680164979377578
1 0.883 0.8717660292463442 0.89125 0.9996250468691413 0.9005 0.9996250468691413 0.9 0.8695163104611924 0.897 0.8650168728908887 0.887 0.8676415448068991
1 0.90625 0.868766404199475 0.91125 0.9752530933633295 0.91325 0.994750656167979 0.914 0.9996250468691413 0.92125 0.9996250468691413 0.92275 0.8657667791526059 0.92175 0.8627671541057368