0 0.85 0.1130952380952381 0.8466666666666667 0.27380952380952384 0.8533333333333334 0.27976190476190477 0.8533333333333334 0.44047619047619047 0.8566666666666667 0.44642857142857145 0.8633333333333333 0.43452380952380953 0.8666666666666667 0.2857142857142857 0.88 0.27380952380952384 0.8766666666666667 0.23809523809523808 0.8833333333333333 0.21428571428571427 0.8833333333333333 0.07738095238095238 0.88 0.07142857142857142 0.8566666666666667 0.07142857142857142
0 0.8066666666666666 0.05357142857142857 0.8033333333333333 0.07142857142857142 0.8033333333333333 0.26785714285714285 0.8166666666666667 0.3556547619047619 0.8166666666666667 0.4583333333333333 0.82 0.47023809523809523 0.8233333333333334 0.4642857142857143 0.8233333333333334 0.34523809523809523 0.83 0.27380952380952384 0.8366666666666667 0.2619047619047619 0.8333333333333334 0.25595238095238093 0.8366666666666667 0.07142857142857142 0.83 0.05357142857142857
0 0.7633333333333333 0.06547619047619048 0.76 0.25595238095238093 0.7733333333333333 0.47619047619047616 0.78 0.4523809523809524 0.78 0.3523809523809524 0.7866666666666666 0.27380952380952384 0.7933333333333333 0.26785714285714285 0.7966666666666666 0.08333333333333333 0.7933333333333333 0.05952380952380952 0.7833333333333333 0.047619047619047616
0 0.7266666666666667 0.08333333333333333 0.7233333333333334 0.17261904761904762 0.7266666666666667 0.25 0.7233333333333334 0.25595238095238093 0.7333333333333333 0.2857142857142857 0.73 0.40476190476190477 0.7333333333333333 0.4166666666666667 0.74 0.4166666666666667 0.7333333333333333 0.3869047619047619 0.74 0.38244047619047616 0.7466666666666667 0.26785714285714285 0.7533333333333333 0.25595238095238093 0.75 0.25 0.7533333333333333 0.23214285714285715 0.7533333333333333 0.07738095238095238 0.73 0.07142857142857142
0 0.6966666666666667 0.18452380952380953 0.6966666666666667 0.22023809523809523 0.6933333333333334 0.2261904761904762 0.6933333333333334 0.25 0.7066666666666667 0.32142857142857145 0.7066666666666667 0.35119047619047616 0.71 0.35714285714285715 0.7133333333333334 0.35119047619047616 0.7133333333333334 0.2976190476190476 0.71 0.2916666666666667 0.71 0.27380952380952384 0.7166666666666667 0.26785714285714285 0.7166666666666667 0.18452380952380953 0.7133333333333334 0.17261904761904762 0.7066666666666667 0.17261904761904762
0 0.67 0.06547619047619048 0.6666666666666666 0.08333333333333333 0.6666666666666666 0.2619047619047619 0.67 0.4523809523809524 0.6766666666666666 0.4523809523809524 0.6866666666666666 0.26785714285714285 0.69 0.2619047619047619 0.69 0.07738095238095238
0 0.6466666666666666 0.06547619047619048 0.6433333333333333 0.25595238095238093 0.6533333333333333 0.27976190476190477 0.6566666666666666 0.31150595238095236 0.65 0.3273809523809524 0.6566666666666666 0.3869047619047619 0.65 0.38928571428571435 0.6466666666666666 0.4880952380952381 0.6533333333333333 0.5595238095238095 0.6633333333333333 0.2619047619047619 0.6633333333333333 0.05952380952380952 0.6533333333333333 0.05357142857142857
0 0.6133333333333333 0.15476190476190477 0.61 0.16666666666666666 0.61 0.25 0.6133333333333333 0.2619047619047619 0.6233333333333333 0.26785714285714285 0.6366666666666667 0.26785714285714285 0.64 0.2619047619047619 0.64 0.15476190476190477 0.6266666666666667 0.14285714285714285
0 0.5866666666666667 0.08333333333333333 0.59 0.08928571428571429 0.59 0.10714285714285714 0.5833333333333334 0.125 0.5833333333333334 0.24404761904761904 0.5866666666666667 0.25 0.59 0.36904761904761907 0.5933333333333334 0.3869047619047619 0.5966666666666667 0.3869047619047619 0.6 0.30952380952380953 0.5966666666666667 0.30357142857142855 0.5966666666666667 0.27380952380952384 0.6033333333333334 0.2619047619047619 0.6033333333333334 0.2261904761904762 0.6066666666666667 0.22023809523809523 0.6066666666666667 0.1130952380952381 0.5966666666666667 0.05952380952380952 0.59 0.05952380952380952 0.59 0.07738095238095238
0 0.56 0.07142857142857142 0.5566666666666666 0.08928571428571429 0.5566666666666666 0.22023809523809523 0.5666666666666667 0.34523809523809523 0.5633333333333334 0.37142857142857144 0.5666666666666667 0.4166666666666667 0.5633333333333334 0.47023809523809523 0.5666666666666667 0.47023809523809523 0.57 0.4226190476190476 0.5666666666666667 0.26785714285714285 0.58 0.25595238095238093 0.5766666666666667 0.17857142857142858 0.5833333333333334 0.08928571428571429 0.5733333333333334 0.05952380952380952 0.5633333333333334 0.05952380952380952
0 0.56 0.07142857142857142 0.5566666666666666 0.08928571428571429 0.5566666666666666 0.25 0.5633333333333334 0.3273809523809524 0.5633333333333334 0.47619047619047616 0.5666666666666667 0.47619047619047616 0.58 0.4166666666666667 0.5833333333333334 0.36904761904761907 0.58 0.13095238095238096 0.5866666666666667 0.08928571428571429 0.5733333333333334 0.07142857142857142 0.5733333333333334 0.05952380952380952 0.5633333333333334 0.05952380952380952
0 0.2633333333333333 0.25595238095238093 0.26 0.26785714285714285 0.3333333333333333 0.3333333333333333 0.34 0.34523809523809523 0.37 0.36904761904761907 0.37 0.3630952380952381 0.3566666666666667 0.35714285714285715 0.3566666666666667 0.34523809523809523 0.31 0.30357142857142855 0.2866666666666667 0.27380952380952384
0 0.056666666666666664 0 0 0 0 0.047619047619047616 0.10333333333333333 0.13095238095238096 0.11333333333333333 0.13095238095238096 0.12666666666666668 0.10714285714285714 0.12666666666666668 0.08928571428571429 0.09333333333333334 0.05952380952380952 0.09 0.047619047619047616 0.09 0.02976190476190476 0.08333333333333333 0.017857142857142856