1 0.3418181818181818 0 0.2690909090909091 0 0.3090909090909091 0.34972677595628415 0.27636363636363637 0.5027322404371585 0.29454545454545455 0.5628415300546448 0.34545454545454546 0.6338797814207651 0.37454545454545457 0.6502732240437158 0.38545454545454544 0.639344262295082 0.3781818181818182 0.6010928961748634 0.4290909090909091 0.5683060109289617 0.44 0.6010928961748634 0.4581818181818182 0.6065573770491803 0.48 0.5628415300546448 0.4618181818181818 0.40437158469945356 0.4036363636363636 0.3442622950819672 0.38181818181818183 0.28415300546448086
1 0.5236363636363637 0 0.4727272727272727 0 0.48363636363636364 0.32786885245901637 0.4763636363636364 0.5191256830601093 0.48363636363636364 0.5573770491803278 0.5418181818181819 0.644808743169399 0.56 0.644808743169399 0.5854545454545454 0.6229508196721312 0.5854545454545454 0.5956284153005464 0.5454545454545454 0.45901639344262296 0.5309090909090909 0.01639344262295082
1 0.610909090909091 0 0.6145454545454545 0.2459016393442623 0.6 0.3879781420765027 0.5709090909090909 0.4426229508196721 0.5709090909090909 0.5245901639344263 0.5890909090909091 0.5792349726775956 0.6072727272727273 0.5683060109289617 0.610909090909091 0.546448087431694 0.6545454545454545 0.5792349726775956 0.6509090909090909 0.6338797814207651 0.6654545454545454 0.644808743169399 0.7090909090909091 0.5846994535519126 0.7163636363636363 0.48633879781420764 0.6872727272727273 0.3989071038251366 0.6727272727272727 0.21311475409836064 0.6727272727272727 0.00546448087431694
1 0.7781818181818182 0.08196721311475409 0.7927272727272727 0.09289617486338798 0.8072727272727273 0.16939890710382513 0.8 0.2568306010928962 0.7672727272727272 0.31693989071038253 0.7636363636363637 0.34972677595628415 0.7709090909090909 0.41530054644808745 0.7963636363636364 0.44808743169398907 0.8181818181818182 0.4371584699453552 0.8218181818181818 0.4262295081967213 0.84 0.4262295081967213 0.850909090909091 0.47540983606557374 0.8690909090909091 0.48633879781420764 0.9018181818181819 0.43169398907103823 0.9127272727272727 0.3879781420765027 0.9127272727272727 0.3551912568306011 0.8727272727272727 0.24043715846994534 0.8654545454545455 0 0.7927272727272727 0
1 0.7927272727272727 0.6229508196721312 0.7963636363636364 0.6502732240437158 0.8218181818181818 0.7158469945355191 0.8109090909090909 0.7431693989071039 0.8145454545454546 0.7486338797814208 0.7963636363636364 0.8415300546448088 0.7927272727272727 0.8524590163934426 0.7854545454545454 0.8524590163934426 0.7927272727272727 0.8852459016393442 0.8 0.994535519125683 0.8872727272727273 0.994535519125683 0.8909090909090909 0.9781420765027322 0.8836363636363637 0.9016393442622951 0.88 0.7049180327868853 0.8945454545454545 0.6557377049180327 0.8945454545454545 0.6229508196721312 0.8763636363636363 0.5846994535519126 0.8581818181818182 0.5846994535519126 0.8363636363636363 0.5683060109289617 0.8181818181818182 0.5683060109289617 0.8036363636363636 0.5846994535519126
1 0.6763636363636364 0.6721311475409836 0.6690909090909091 0.6939890710382514 0.6690909090909091 0.7158469945355191 0.68 0.9890710382513661 0.6836363636363636 0.994535519125683 0.7818181818181819 0.994535519125683 0.7854545454545454 0.9836065573770492 0.7745454545454545 0.8743169398907104 0.7709090909090909 0.7668469945355191 0.7745454545454545 0.6885245901639344 0.7672727272727272 0.6612021857923497 0.7527272727272727 0.6338797814207651 0.7163636363636363 0.6284153005464481 0.6945454545454546 0.644808743169399
1 0.5709090909090909 0.6666666666666666 0.5781818181818181 0.8087431693989071 0.5745454545454546 0.8142076502732241 0.5672727272727273 0.9672131147540983 0.56 0.994535519125683 0.6 0.994535519125683 0.6036363636363636 0.9398907103825137 0.610909090909091 0.912568306010929 0.610909090909091 0.8633879781420765 0.6436363636363637 0.7158469945355191 0.6436363636363637 0.6885245901639344 0.6327272727272727 0.6557377049180327 0.5854545454545454 0.6502732240437158 0.5818181818181818 0.6612021857923497
1 0.3890909090909091 0.644808743169399 0.37454545454545457 0.6721311475409836 0.39636363636363636 0.7595628415300546 0.4036363636363636 0.994535519125683 0.4763636363636364 0.994535519125683 0.4763636363636364 0.7628415300546447 0.48363636363636364 0.6557377049180327 0.43272727272727274 0.6174863387978142
1 0.15636363636363637 0 0.1709090909090909 0.5573770491803278 0.14909090909090908 0.6994535519125683 0.12363636363636364 0.7704918032786885 0.12363636363636364 0.8633879781420765 0.13818181818181818 0.907103825136612 0.15636363636363637 0.8797814207650273 0.16363636363636364 0.819672131147541 0.2 0.7814207650273224 0.24363636363636362 0.8032786885245902 0.29454545454545455 0.7923497267759563 0.2872727272727273 0.73224043715847 0.24363636363636362 0.6065573770491803 0.22545454545454546 0
1 0.08727272727272728 0 0 0 0.014545454545454545 0.23770491803278687 0 0.6284153005464481 0.05818181818181818 0.6338797814207651 0.07272727272727272 0.7213114754098361 0.05090909090909091 0.7704918032786885 0.05818181818181818 0.825136612021858 0.11272727272727273 0.7814207650273224 0.14909090909090908 0.6939890710382514 0.15636363636363637 0.6174863387978142 0.12363636363636364 0.5573770491803278 0.09454545454545454 0.44808743169398907
1 0.5272727272727272 0 0.4727272727272727 0 0.48363636363636364 0.32786885245901637 0.48 0.546448087431694 0.5345454545454545 0.6065573770491803 0.5490909090909091 0.644808743169399 0.5636363636363636 0.644808743169399 0.5854545454545454 0.6229508196721312 0.5854545454545454 0.5956284153005464 0.5454545454545454 0.45901639344262296
1 0.3418181818181818 0.6502732240437158 0.3236363636363636 0.6775956284153005 0.3236363636363636 0.7103825136612022 0.33454545454545453 0.7595628415300546 0.34545454545454546 0.7814207650273224 0.3527272727272727 0.9836065573770492 0.3563636363636364 0.994535519125683 0.4 0.994535519125683 0.3927272727272727 0.7650273224043715 0.3709090909090909 0.6612021857923497
1 0.2109090909090909 0.8360655737704918 0.20727272727272728 0.8469945355191257 0.20727272727272728 0.8688524590163934 0.21454545454545454 0.8907103825136612 0.23272727272727273 0.994535519125683 0.29454545454545455 0.994535519125683 0.29454545454545455 0.9617486338797814 0.2909090909090909 0.9562841530054644 0.2909090909090909 0.9289617486338798 0.2872727272727273 0.9234972677595629 0.2872727272727273 0.8852459016393442 0.29454545454545455 0.8743169398907104 0.29454545454545455 0.8469945355191257 0.28363636363636363 0.8524590163934426 0.26545454545454544 0.8306010928961749 0.2690909090909091 0.825136612021858 0.2690909090909091 0.8087431693989071 0.23636363636363636 0.8087431693989071 0.22545454545454546 0.8142076502732241
1 0.8981818181818182 0.5245901639344263 0.8945454545454545 0.5573770491803278 0.9272727272727272 0.907103825136612 0.9418181818181818 0.9398907103825137 0.9309090909090909 0.9508196721311475 0.9527272727272728 0.9508196721311475 0.96 0.994535519125683 0.9963636363636363 0.994535519125683 0.9963636363636363 0.6666666666666666 0.9890909090909091 0.6612021857923497 0.9854545454545455 0.5519125683060109 0.9745454545454545 0.5136612021857924 0.9563636363636364 0.4918032786885246 0.9127272727272727 0.4918032786885246